variable,conversion,effective_price,eta_minutes,stockout_rate,rain_index,order_value
conversion,1.0,-0.06188818654296279,-0.04656051939006855,-0.012657836288441068,0.0016113436736764763,0.9542665064166784
effective_price,-0.06188818654296279,1.0,0.013454108036772243,0.00020231142702020175,-0.005763924505015721,-0.0021220025849278644
eta_minutes,-0.04656051939006855,0.013454108036772243,1.0,0.004956543447592783,-0.0033694871572727144,-0.04607423875296927
stockout_rate,-0.012657836288441068,0.00020231142702020175,0.004956543447592783,1.0,0.001443342047087118,-0.010361944168666736
rain_index,0.0016113436736764763,-0.005763924505015721,-0.0033694871572727144,0.001443342047087118,1.0,0.0006020045586450683
order_value,0.9542665064166784,-0.0021220025849278644,-0.04607423875296927,-0.010361944168666736,0.0006020045586450683,1.0
